-85	85	-0.11650262028
-83	85	-0.157140880823
-81	85	-0.0640876218677
-79	85	0.0610881596804
-77	85	0.171060934663
-75	85	0.278620958328
-73	85	0.00329365674406
-71	85	-0.385740786791
-69	85	-0.221366465092
-67	85	0.333951145411
-65	85	0.521402597427
-63	85	0.294209003448
-61	85	-0.0307004153728
-59	85	-0.184231132269
-57	85	-0.466430425644
-55	85	-0.296463638544
-53	85	-0.0273145735264
-51	85	-0.190818428993
-49	85	-0.0872461497784
-47	85	-0.00888746976852
-45	85	0.498771816492
-43	85	0.962958872318
-41	85	0.5970287323
-39	85	-0.0395866036415
-37	85	-0.707201778889
-35	85	-0.832497537136
-33	85	-0.283636033535
-31	85	0.0931840464473
-29	85	0.439091682434
-27	85	0.427167236805
-25	85	0.141313523054
-23	85	-0.0522485375404
-21	85	-0.334170043468
-19	85	-0.233485251665
-17	85	-0.0421327725053
-15	85	-0.0413075238466
-85	83	-0.452580928802
-83	83	-0.0971974134445
-81	83	0.121275901794
-79	83	0.217924594879
-77	83	0.195840120316
-75	83	0.122456431389
-73	83	0.171280562878
-71	83	0.374931752682
-69	83	-0.125776708126
-67	83	0.295591622591
-65	83	1.13924133778
-63	83	0.77041387558
-61	83	0.443283200264
-59	83	0.379306733608
-57	83	1.14686632156
-55	83	1.42561209202
-53	83	1.17670559883
-51	83	0.785738706589
-49	83	-0.487869024277
-47	83	-0.38548541069
-45	83	0.483012676239
-43	83	0.403273582458
-41	83	0.0224633216858
-39	83	-0.564934492111
-37	83	-0.72913813591
-35	83	-0.700577735901
-33	83	-0.842045664787
-31	83	-0.651468276978
-29	83	-0.661224246025
-27	83	-1.04582870007
-25	83	-0.929013609886
-23	83	-0.539316534996
-21	83	-0.521356463432
-19	83	-0.483067452908
-17	83	0.0096101462841
-15	83	0.523151814938
-85	81	-0.43627011776
-83	81	0.110891580582
-81	81	0.31727540493
-79	81	0.244933724403
-77	81	0.311254024506
-75	81	0.70882499218
-73	81	1.10889482498
-71	81	1.80945670605
-69	81	-0.943941950798
-67	81	-2.15262198448
-65	81	-0.802978098392
-63	81	-0.385363578796
-61	81	1.68542361259
-59	81	1.93609929085
-57	81	0.154971733689
-55	81	-0.136009931564
-53	81	0.377731204033
-51	81	-0.20891520381
-49	81	0.151032686234
-47	81	0.69576048851
-45	81	1.29801893234
-43	81	1.57858562469
-41	81	0.37970995903
-39	81	-0.338552951813
-37	81	-1.03794288635
-35	81	-1.19473600388
-33	81	-0.194750189781
-31	81	0.0268374681473
-29	81	-1.93066728115
-27	81	-2.69523525238
-25	81	-1.70215749741
-23	81	-0.839044809341
-21	81	0.255493879318
-19	81	0.0639252662659
-17	81	1.15311121941
-15	81	2.64650535583
-85	79	0.749531269073
-83	79	-0.416663885117
-81	79	-0.480706930161
-79	79	-1.16062426567
-77	79	-0.640143156052
-75	79	-2.91064691544
-73	79	-4.60162734985
-71	79	-1.80953931808
-69	79	1.43480443954
-67	79	3.48422908783
-65	79	3.10280418396
-63	79	2.20464992523
-61	79	1.53409767151
-59	79	1.29552316666
-57	79	1.21440529823
-55	79	1.30870771408
-53	79	1.53417372704
-51	79	1.56702280045
-49	79	1.4499475956
-47	79	1.37106192112
-45	79	1.12640964985
-43	79	0.764260172844
-41	79	0.573905229568
-39	79	0.357442378998
-37	79	0.0225312709808
-35	79	-0.0422546863556
-33	79	-0.00483894348145
-31	79	-0.75620341301
-29	79	-2.3306081295
-27	79	-2.98603367805
-25	79	-3.04586434364
-23	79	-3.72954535484
-21	79	-1.20808434486
-19	79	2.18188595772
-17	79	2.31653881073
-15	79	4.7451210022
-85	77	-1.49062538147
-83	77	-1.76708865166
-81	77	-0.73924446106
-79	77	-0.732666015625
-77	77	-1.4876241684
-75	77	-2.29157972336
-73	77	-4.35802268982
-71	77	-2.07681655884
-69	77	0.658709526062
-67	77	-1.00089168549
-65	77	-0.0285472869873
-63	77	1.686460495
-61	77	1.54226493835
-59	77	3.08263731003
-57	77	4.60231781006
-55	77	4.44611930847
-53	77	3.54597139359
-51	77	2.88153505325
-49	77	2.43987131119
-47	77	1.73989868164
-45	77	0.891089677811
-43	77	0.421028852463
-41	77	0.742424488068
-39	77	0.855131864548
-37	77	0.45515704155
-35	77	0.261759519577
-33	77	0.0387144088745
-31	77	0.19432592392
-29	77	0.557409763336
-27	77	-4.91430044174
-25	77	-9.93972015381
-23	77	-7.87470722198
-21	77	-0.637004375458
-19	77	4.72513008118
-17	77	1.01387405396
-15	77	-4.04656505585
-85	75	-5.31369495392
-83	75	-1.21937060356
-81	75	-0.0430955886841
-79	75	-0.82081413269
-77	75	-0.26486158371
-75	75	-0.249465942383
-73	75	1.13668060303
-71	75	1.87444353104
-69	75	1.8957362175
-67	75	-1.51854753494
-65	75	-4.21070718765
-63	75	-0.508667469025
-61	75	0.90838098526
-59	75	0.69686126709
-57	75	5.32865858078
-55	75	7.70559310913
-53	75	5.46989297867
-51	75	2.62877440453
-49	75	0.518779277802
-47	75	-0.0720596313477
-45	75	-0.555000305176
-43	75	-0.151661396027
-41	75	0.47238779068
-39	75	0.0809326171875
-37	75	0.989322185516
-35	75	1.21677350998
-33	75	-0.953272819519
-31	75	-2.56623840332
-29	75	-7.64343833923
-27	75	-9.15283203125
-25	75	-8.37962341309
-23	75	-11.1827316284
-21	75	0.840915679932
-19	75	8.30080699921
-17	75	3.71734905243
-15	75	4.30223369598
-85	73	2.41973686218
-83	73	0.594108581543
-81	73	0.128405570984
-79	73	-1.27890539169
-77	73	0.279139041901
-75	73	1.08061790466
-73	73	-1.08430480957
-71	73	-2.57389211655
-69	73	-1.50130319595
-67	73	-0.514902591705
-65	73	-2.65528583527
-63	73	-1.15003204346
-61	73	0.927927017212
-59	73	-1.36637592316
-57	73	2.84882688522
-55	73	11.8605365753
-53	73	14.3099117279
-51	73	7.36678743362
-49	73	1.03315448761
-47	73	-0.672462463379
-45	73	-1.40926170349
-43	73	0.147309303284
-41	73	0.971673965454
-39	73	1.10242366791
-37	73	2.84304237366
-35	73	2.01986598969
-33	73	3.03979110718
-31	73	-8.21733188629
-29	73	-21.6563949585
-27	73	-13.5026130676
-25	73	-5.91187763214
-23	73	-2.31476783752
-21	73	4.00358772278
-19	73	3.51419067383
-17	73	0.964305400848
-15	73	0.348722457886
-85	71	-2.69964337349
-83	71	-0.806426763535
-81	71	-1.1583096981
-79	71	-0.287911891937
-77	71	-0.604304790497
-75	71	-0.95484495163
-73	71	-0.42954492569
-71	71	0.118537425995
-69	71	0.358644008636
-67	71	-0.131519794464
-65	71	-1.07418584824
-63	71	-0.940543651581
-61	71	0.902323246002
-59	71	1.43701553345
-57	71	-1.1242685318
-55	71	4.71356678009
-53	71	13.1027908325
-51	71	17.2271518707
-49	71	11.4288492203
-47	71	0.336860656738
-45	71	-0.13087272644
-43	71	0.444765090942
-41	71	0.922334671021
-39	71	1.67757606506
-37	71	-0.11608505249
-35	71	-2.63129615784
-33	71	-1.30912780762
-31	71	-23.7508735657
-29	71	-32.7341423035
-27	71	-8.97598171234
-25	71	0.721701622009
-23	71	5.72295284271
-21	71	6.53431415558
-19	71	2.53338956833
-17	71	0.894731044769
-15	71	-0.572556018829
-85	69	2.31519460678
-83	69	-0.417913913727
-81	69	-0.0176396369934
-79	69	0.167813777924
-77	69	0.551450252533
-75	69	0.95087647438
-73	69	-0.926337718964
-71	69	-2.11481785774
-69	69	-1.36540365219
-67	69	0.643998622894
-65	69	1.32409191132
-63	69	0.747504711151
-61	69	-0.225042819977
-59	69	0.610902309418
-57	69	3.04643249512
-55	69	6.22811889648
-53	69	6.7702126503
-51	69	22.445400238
-49	69	24.448431015
-47	69	5.11750221252
-45	69	-0.854131698608
-43	69	-3.72850227356
-41	69	-4.92516708374
-39	69	-1.37421607971
-37	69	-1.60552024841
-35	69	-20.0647926331
-33	69	-19.9218235016
-31	69	-17.6253471375
-29	69	-12.9929704666
-27	69	4.08455276489
-25	69	2.33380889893
-23	69	0.263905525208
-21	69	0.9775390625
-19	69	1.80635261536
-17	69	0.493628501892
-15	69	-2.26649570465
-85	67	-2.41263413429
-83	67	-1.92110848427
-81	67	-2.35178494453
-79	67	-0.783557891846
-77	67	1.18035173416
-75	67	2.06357145309
-73	67	1.87350225449
-71	67	0.398504734039
-69	67	-1.52510452271
-67	67	-2.35240268707
-65	67	0.71189904213
-63	67	0.186546802521
-61	67	-1.05707144737
-59	67	1.61445760727
-57	67	3.19836306572
-55	67	4.53500270844
-53	67	3.02434134483
-51	67	27.7014942169
-49	67	36.7681541443
-47	67	12.5752925873
-45	67	2.11709594727
-43	67	-9.35119819641
-41	67	-16.2125720978
-39	67	-3.4854850769
-37	67	-4.43832588196
-35	67	-27.1489219666
-33	67	-7.69467735291
-31	67	8.61736965179
-29	67	-6.50239467621
-27	67	-8.16150474548
-25	67	-7.64612770081
-23	67	-5.06391572952
-21	67	-1.33505320549
-19	67	-0.118064403534
-17	67	-0.775170326233
-15	67	-1.93774962425
-85	65	-6.81996631622
-83	65	-2.00049734116
-81	65	1.08285522461
-79	65	0.381471633911
-77	65	0.976535320282
-75	65	2.96556377411
-73	65	2.02043366432
-71	65	-1.33365476131
-69	65	-3.68763327599
-67	65	-1.9432618618
-65	65	0.927817106247
-63	65	0.951757907867
-61	65	-0.330541372299
-59	65	0.782046318054
-57	65	-0.764959812164
-55	65	0.336203575134
-53	65	-1.67698383331
-51	65	33.2308998108
-49	65	54.7715148926
-47	65	23.8394184113
-45	65	7.78720092773
-43	65	-21.4108123779
-41	65	-26.817193985
-39	65	-7.30817604065
-37	65	-1.11779022217
-35	65	-20.3271789551
-33	65	-28.0967388153
-31	65	3.12243509293
-29	65	2.21974539757
-27	65	-9.56721687317
-25	65	-3.28152132034
-23	65	-0.588871777058
-21	65	-1.43399524689
-19	65	-2.11154532433
-17	65	0.178077697754
-15	65	5.8888463974
-85	63	2.20205402374
-83	63	-0.427598953247
-81	63	1.44465041161
-79	63	2.28379750252
-77	63	3.58558225632
-75	63	4.13479995728
-73	63	1.89156866074
-71	63	-0.805749058723
-69	63	-2.43017482758
-67	63	-0.951608419418
-65	63	0.00652804970741
-63	63	-0.577634930611
-61	63	0.477243959904
-59	63	2.05558633804
-57	63	1.06792473793
-55	63	3.96320867538
-53	63	-17.2667980194
-51	63	13.993024826
-49	63	63.9113807678
-47	63	40.6949424744
-45	63	1.89325332642
-43	63	-54.5705680847
-41	63	-36.2995872498
-39	63	-8.27780723572
-37	63	-18.9410324097
-35	63	9.14625263214
-33	63	9.36979675293
-31	63	-3.30941677094
-29	63	-1.0867459774
-27	63	-2.21487092972
-25	63	-3.45669293404
-23	63	-1.61274838448
-21	63	-0.376035153866
-19	63	0.192594856024
-17	63	-1.89229345322
-15	63	-4.40762233734
-85	61	3.62408328056
-83	61	0.859165072441
-81	61	-0.888362169266
-79	61	-0.872264027596
-77	61	2.27914333344
-75	61	4.73924827576
-73	61	3.48570179939
-71	61	1.74807572365
-69	61	1.21056675911
-67	61	-1.98638546467
-65	61	-4.22637176514
-63	61	-1.96624350548
-61	61	3.58005261421
-59	61	5.74590730667
-57	61	4.22542619705
-55	61	2.81811237335
-53	61	8.4113445282
-51	61	12.4886293411
-49	61	23.5533409119
-47	61	32.9984016418
-45	61	5.02193450928
-43	61	-38.0702896118
-41	61	-40.6581916809
-39	61	-10.1450195312
-37	61	1.11016130447
-35	61	-1.0091676712
-33	61	-0.416598796844
-31	61	-0.187218666077
-29	61	0.326909542084
-27	61	-1.51881098747
-25	61	-4.70145559311
-23	61	-2.79998755455
-21	61	-0.859770834446
-19	61	-1.38624155521
-17	61	-2.99300074577
-15	61	-5.6372256279
-85	59	-2.92466807365
-83	59	0.566697478294
-81	59	-1.18241608143
-79	59	-4.10868358612
-77	59	-1.17943286896
-75	59	6.7333612442
-73	59	6.62745666504
-71	59	2.20884561539
-69	59	-1.95143842697
-67	59	-0.608993053436
-65	59	1.01987147331
-63	59	-1.78928518295
-61	59	2.25587487221
-59	59	6.0288977623
-57	59	4.73423957825
-55	59	1.41215991974
-53	59	-4.45401763916
-51	59	-8.43438148499
-49	59	15.0086421967
-47	59	1.48094558716
-45	59	-8.96834850311
-43	59	7.11230278015
-41	59	-3.04662895203
-39	59	-4.50272989273
-37	59	-3.10441875458
-35	59	-1.28815174103
-33	59	1.63152456284
-31	59	0.865863323212
-29	59	-2.29293346405
-27	59	-3.83862709999
-25	59	-5.44823932648
-23	59	-0.753937005997
-21	59	0.523723125458
-19	59	-1.4251793623
-17	59	-2.24604320526
-15	59	-2.47987532616
-85	57	-3.00780963898
-83	57	2.40234231949
-81	57	3.10060596466
-79	57	-4.98968029022
-77	57	-6.4752073288
-75	57	-0.703383684158
-73	57	8.29180908203
-71	57	8.45322990417
-69	57	3.31601214409
-67	57	0.686870098114
-65	57	-0.390355587006
-63	57	-1.79354357719
-61	57	-2.31038570404
-59	57	2.51913046837
-57	57	5.18006181717
-55	57	0.815086364746
-53	57	-3.85698413849
-51	57	4.79919195175
-49	57	-0.426836490631
-47	57	-11.8082532883
-45	57	0.405037879944
-43	57	6.64817428589
-41	57	2.2321395874
-39	57	-0.736172676086
-37	57	-1.06176996231
-35	57	-0.862140655518
-33	57	1.12973928452
-31	57	1.22941017151
-29	57	-2.82043743134
-27	57	-3.4201130867
-25	57	-2.51100158691
-23	57	-0.244252920151
-21	57	-0.434210300446
-19	57	-2.33935642242
-17	57	-2.58983659744
-15	57	-2.78482890129
-85	55	-1.31415295601
-83	55	2.2490260601
-81	55	3.36424255371
-79	55	0.191534519196
-77	55	-2.30314326286
-75	55	-3.47142696381
-73	55	0.545437216759
-71	55	5.66760540009
-69	55	6.23302030563
-67	55	5.56179141998
-65	55	1.21315574646
-63	55	-4.95837593079
-61	55	-4.18060874939
-59	55	-0.714641571045
-57	55	-0.277998924255
-55	55	1.73461675644
-53	55	3.93781995773
-51	55	-3.49201178551
-49	55	-5.80218267441
-47	55	-0.635308146477
-45	55	-0.152122616768
-43	55	0.330419421196
-41	55	2.67362594604
-39	55	2.86943745613
-37	55	2.17646408081
-35	55	0.213782787323
-33	55	0.937796592712
-31	55	0.891051292419
-29	55	-3.92235994339
-27	55	-3.81787657738
-25	55	0.181796073914
-23	55	1.6986322403
-21	55	-1.9113727808
-19	55	-4.39431381226
-17	55	-2.63748311996
-15	55	1.03685605526
-85	53	-1.24967002869
-83	53	3.72685360909
-81	53	7.65795087814
-79	53	4.23705482483
-77	53	-3.07108831406
-75	53	-7.4348320961
-73	53	-4.97571611404
-71	53	1.18750464916
-69	53	5.93714904785
-67	53	6.65339374542
-65	53	4.4260020256
-63	53	1.83951282501
-61	53	-2.60953187943
-59	53	-7.29917240143
-57	53	-6.4512462616
-55	53	-0.155974388123
-53	53	3.5986828804
-51	53	1.79777550697
-49	53	-2.05006718636
-47	53	-1.10822606087
-45	53	0.324326992035
-43	53	0.851233720779
-41	53	3.40480041504
-39	53	0.00216603279114
-37	53	-0.459263801575
-35	53	0.665157556534
-33	53	0.518653869629
-31	53	-0.828525543213
-29	53	-3.72300219536
-27	53	1.06638431549
-25	53	4.38089084625
-23	53	2.28714704514
-21	53	-1.37024879456
-19	53	-6.68276500702
-17	53	-7.53118610382
-15	53	-9.74482154846
-85	51	-1.02019405365
-83	51	2.83823680878
-81	51	8.37888908386
-79	51	5.54338598251
-77	51	-2.52197051048
-75	51	-5.40492773056
-73	51	-3.70261001587
-71	51	-0.639306783676
-69	51	1.0735142231
-67	51	1.84339809418
-65	51	5.08090496063
-63	51	7.55957698822
-61	51	1.8790140152
-59	51	-4.21696424484
-57	51	-4.28849983215
-55	51	-3.85020923615
-53	51	-2.07472443581
-51	51	0.236538171768
-49	51	-0.654835164547
-47	51	-2.78536248207
-45	51	-0.0112324953079
-43	51	5.38829851151
-41	51	4.0343132019
-39	51	0.166530609131
-37	51	-1.00402331352
-35	51	1.77317810059
-33	51	1.17223954201
-31	51	-4.39341545105
-29	51	-2.06125187874
-27	51	2.66683840752
-25	51	3.03447508812
-23	51	1.69579696655
-21	51	-1.18791246414
-19	51	-6.13348579407
-17	51	-5.33562755585
-15	51	-3.1142244339
-85	49	8.40044212341
-83	49	3.41230750084
-81	49	6.15870189667
-79	49	6.21021795273
-77	49	-1.932741642
-75	49	-4.15661716461
-73	49	-4.99675226212
-71	49	-3.31213998795
-69	49	-1.01234650612
-67	49	0.896798372269
-65	49	3.76594591141
-63	49	6.00078105927
-61	49	2.48792338371
-59	49	0.505368709564
-57	49	0.500546455383
-55	49	-0.930745601654
-53	49	-0.685853481293
-51	49	-3.5062186718
-49	49	-3.87213850021
-47	49	-1.7372289896
-45	49	1.00462675095
-43	49	3.74474382401
-41	49	2.46840143204
-39	49	-0.959838867188
-37	49	-0.0324845314026
-35	49	3.66778326035
-33	49	-1.97632479668
-31	49	-3.11653852463
-29	49	3.22153639793
-27	49	1.81030225754
-25	49	-0.663025379181
-23	49	1.07441186905
-21	49	-1.37766814232
-19	49	-6.40346956253
-17	49	-0.645669460297
-15	49	9.72226238251
-85	47	12.1035671234
-83	47	2.76175808907
-81	47	0.085791349411
-79	47	3.03187942505
-77	47	1.82283973694
-75	47	0.330396652222
-73	47	-2.39612817764
-71	47	-2.59740352631
-69	47	-1.11490988731
-67	47	-0.354154825211
-65	47	1.34598588943
-63	47	1.62230801582
-61	47	3.71444320679
-59	47	3.10179495811
-57	47	0.44574213028
-55	47	1.4611749649
-53	47	-0.167930603027
-51	47	-4.14778423309
-49	47	-4.14969968796
-47	47	0.482109069824
-45	47	1.70477378368
-43	47	-0.743098258972
-41	47	-1.23349285126
-39	47	-0.10077881813
-37	47	3.15747570992
-35	47	2.15285801888
-33	47	0.722954750061
-31	47	-0.249405384064
-29	47	-2.16897249222
-27	47	2.06834936142
-25	47	3.23608589172
-23	47	0.10712480545
-21	47	-6.31472015381
-19	47	-8.00542545319
-17	47	1.54907226562
-15	47	9.93142318726
-85	45	8.00986671448
-83	45	-0.0230129957199
-81	45	-2.47840046883
-79	45	2.6227710247
-77	45	1.14385080338
-75	45	-0.523517131805
-73	45	-0.0892527103424
-71	45	0.923496961594
-69	45	-1.40890812874
-67	45	-2.94118475914
-65	45	-1.29239535332
-63	45	1.29268169403
-61	45	0.613299190998
-59	45	-0.341718792915
-57	45	2.18077087402
-55	45	0.866792798042
-53	45	0.783107280731
-51	45	-0.690726876259
-49	45	-1.70006346703
-47	45	-0.280837535858
-45	45	-1.73240613937
-43	45	-3.47672462463
-41	45	-2.85416579247
-39	45	1.10300624371
-37	45	5.25887966156
-35	45	3.35283136368
-33	45	-1.41849040985
-31	45	-0.253231287003
-29	45	0.691142082214
-27	45	0.398895978928
-25	45	0.865528345108
-23	45	0.0837399959564
-21	45	-0.789881706238
-19	45	-4.78974151611
-17	45	-3.73335695267
-15	45	1.44134092331
