-85	85	227.036575317
-83	85	226.725021362
-81	85	21.2091369629
-79	85	85.9594726562
-77	85	-19.6596603394
-75	85	135.815216064
-73	85	307.751708984
-71	85	150.597686768
-69	85	-289.467163086
-67	85	-34.2011947632
-65	85	151.725585938
-63	85	370.003204346
-61	85	538.215820312
-59	85	637.19708252
-57	85	1024.94555664
-55	85	556.849243164
-53	85	1077.00610352
-51	85	994.92565918
-49	85	966.635803223
-47	85	1056.05895996
-45	85	474.273376465
-43	85	783.11730957
-41	85	1011.05511475
-39	85	933.366455078
-37	85	846.825805664
-35	85	260.989440918
-33	85	70.1423034668
-31	85	253.929443359
-29	85	201.355163574
-27	85	745.446899414
-25	85	727.287719727
-23	85	835.755737305
-21	85	637.91015625
-19	85	432.400146484
-17	85	417.336120605
-15	85	241.943328857
-85	83	197.995483398
-83	83	171.053436279
-81	83	140.495117188
-79	83	149.425689697
-77	83	213.077011108
-75	83	302.09765625
-73	83	423.059539795
-71	83	408.484741211
-69	83	247.297546387
-67	83	423.460327148
-65	83	390.653167725
-63	83	351.105377197
-61	83	217.668334961
-59	83	-16.2650032043
-57	83	-93.3337554932
-55	83	-154.967056274
-53	83	-100.384841919
-51	83	-113.662330627
-49	83	-111.669837952
-47	83	-247.67956543
-45	83	-340.873687744
-43	83	-336.24520874
-41	83	-244.188293457
-39	83	-211.595947266
-37	83	-250.585037231
-35	83	-345.916290283
-33	83	-384.635864258
-31	83	-379.081878662
-29	83	-304.005065918
-27	83	71.6735534668
-25	83	257.375030518
-23	83	397.216827393
-21	83	361.531738281
-19	83	241.405166626
-17	83	288.047973633
-15	83	134.012237549
-85	81	19.2880401611
-83	81	-21.1223907471
-81	81	-37.4304046631
-79	81	-54.0838623047
-77	81	-25.7218170166
-75	81	-127.188140869
-73	81	-16.0111312866
-71	81	-64.3380508423
-69	81	9.95680046082
-67	81	-95.0887145996
-65	81	-144.899291992
-63	81	-329.024963379
-61	81	-458.21875
-59	81	-603.185668945
-57	81	-732.719238281
-55	81	-738.361999512
-53	81	-789.328613281
-51	81	-810.432128906
-49	81	-855.933837891
-47	81	-991.014953613
-45	81	-892.447875977
-43	81	-790.283203125
-41	81	-680.330932617
-39	81	-636.697998047
-37	81	-645.769226074
-35	81	-652.965637207
-33	81	-667.602661133
-31	81	-680.802490234
-29	81	-569.842224121
-27	81	-435.977783203
-25	81	-338.70489502
-23	81	-179.313659668
-21	81	55.5068054199
-19	81	14.001953125
-17	81	1.3953704834
-15	81	50.7309341431
-85	79	-100.525161743
-83	79	-83.4646759033
-81	79	-94.487991333
-79	79	-156.166717529
-77	79	-208.022720337
-75	79	-287.698547363
-73	79	-333.394592285
-71	79	-309.375091553
-69	79	-360.918945312
-67	79	-664.398925781
-65	79	-599.068664551
-63	79	-650.453308105
-61	79	-539.772888184
-59	79	-335.030639648
-57	79	-284.178527832
-55	79	-370.514556885
-53	79	-358.374206543
-51	79	-365.185974121
-49	79	-403.657501221
-47	79	-342.221862793
-45	79	-301.074066162
-43	79	-142.336181641
-41	79	-67.662902832
-39	79	-103.264709473
-37	79	-137.480834961
-35	79	-239.441497803
-33	79	-278.673156738
-31	79	-252.881729126
-29	79	-284.926818848
-27	79	-511.957275391
-25	79	-328.801879883
-23	79	-142.951202393
-21	79	59.0823669434
-19	79	-21.7824859619
-17	79	-161.113189697
-15	79	73.9365081787
-85	77	-51.8322677612
-83	77	25.7221832275
-81	77	15.5454406738
-79	77	63.7514038086
-77	77	51.6268005371
-75	77	146.982421875
-73	77	59.6770706177
-71	77	107.636611938
-69	77	138.346298218
-67	77	180.209777832
-65	77	464.388946533
-63	77	667.421325684
-61	77	611.943237305
-59	77	490.498718262
-57	77	313.526245117
-55	77	48.8446655273
-53	77	-102.59576416
-51	77	-185.311706543
-49	77	-190.677337646
-47	77	-192.318237305
-45	77	-171.271179199
-43	77	-161.396514893
-41	77	-176.503356934
-39	77	-196.743011475
-37	77	-215.38494873
-35	77	-324.599456787
-33	77	-385.492919922
-31	77	-423.592498779
-29	77	-479.725921631
-27	77	-393.223327637
-25	77	-341.848175049
-23	77	-173.314163208
-21	77	18.3928527832
-19	77	-123.698272705
-17	77	-43.6659698486
-15	77	-12.6493530273
-85	75	25.6376342773
-83	75	7.15504455566
-81	75	-16.3637161255
-79	75	63.3312454224
-77	75	81.3612213135
-75	75	91.0620727539
-73	75	58.5570602417
-71	75	25.2186889648
-69	75	177.783843994
-67	75	306.744995117
-65	75	338.568023682
-63	75	519.453674316
-61	75	528.582397461
-59	75	588.452392578
-57	75	691.215087891
-55	75	551.41796875
-53	75	217.685638428
-51	75	-52.62109375
-49	75	-106.949279785
-47	75	-107.139526367
-45	75	-103.151367188
-43	75	-120.113891602
-41	75	-190.908203125
-39	75	-217.806945801
-37	75	-288.841674805
-35	75	-382.152160645
-33	75	-396.820648193
-31	75	-487.458953857
-29	75	-47.7666320801
-27	75	387.192565918
-25	75	231.422790527
-23	75	88.7174377441
-21	75	-100.661407471
-19	75	-82.9086608887
-17	75	34.9415893555
-15	75	-36.7643280029
-85	73	7.4778137207
-83	73	-30.4045639038
-81	73	26.5033721924
-79	73	14.9320831299
-77	73	15.4285202026
-75	73	29.6495513916
-73	73	4.01086425781
-71	73	23.4377441406
-69	73	-20.4018249512
-67	73	-49.0272216797
-65	73	-233.223907471
-63	73	-282.790588379
-61	73	-170.88760376
-59	73	-11.1823120117
-57	73	207.669219971
-55	73	555.723876953
-53	73	539.71081543
-51	73	427.021972656
-49	73	110.505004883
-47	73	64.7424926758
-45	73	33.8765258789
-43	73	-17.5158081055
-41	73	-53.5786743164
-39	73	-93.4860839844
-37	73	-147.8671875
-35	73	-83.286315918
-33	73	-58.1381225586
-31	73	-97.3511352539
-29	73	563.83190918
-27	73	635.06640625
-25	73	540.763061523
-23	73	265.332702637
-21	73	-190.424209595
-19	73	-12.3526000977
-17	73	-2.87452697754
-15	73	34.6842498779
-85	71	-44.6904525757
-83	71	-38.3312301636
-81	71	4.65247344971
-79	71	-19.9273757935
-77	71	-37.605682373
-75	71	-14.4571990967
-73	71	-12.9377212524
-71	71	-28.5675201416
-69	71	-25.7313842773
-67	71	11.5788726807
-65	71	28.1495361328
-63	71	-31.4165039062
-61	71	4.66477966309
-59	71	-1.65447998047
-57	71	-35.8039093018
-55	71	188.912597656
-53	71	533.342224121
-51	71	817.460205078
-49	71	414.344390869
-47	71	280.835906982
-45	71	171.682983398
-43	71	93.2754516602
-41	71	74.9828491211
-39	71	61.0711669922
-37	71	-45.7255249023
-35	71	-10.465637207
-33	71	337.475341797
-31	71	559.420043945
-29	71	626.871765137
-27	71	258.974029541
-25	71	96.7007141113
-23	71	-39.143371582
-21	71	-94.1499176025
-19	71	-3.43862915039
-17	71	-35.899848938
-15	71	-17.5520172119
-85	69	-45.9286346436
-83	69	-54.9462509155
-81	69	-58.398223877
-79	69	-42.091758728
-77	69	-24.7077560425
-75	69	-48.9099731445
-73	69	-53.4994506836
-71	69	-67.3292160034
-69	69	-39.9771118164
-67	69	-6.14888000488
-65	69	13.4285888672
-63	69	-46.4293518066
-61	69	11.232208252
-59	69	29.0679931641
-57	69	13.3235473633
-55	69	-48.9374542236
-53	69	105.383239746
-51	69	342.947509766
-49	69	192.855407715
-47	69	88.3643188477
-45	69	36.4067993164
-43	69	29.7723388672
-41	69	118.333496094
-39	69	198.829040527
-37	69	164.207824707
-35	69	519.222290039
-33	69	1301.95275879
-31	69	1288.02526855
-29	69	439.516082764
-27	69	102.730506897
-25	69	49.4210968018
-23	69	3.9116973877
-21	69	41.1423187256
-19	69	9.92356872559
-17	69	-28.0534744263
-15	69	-58.5500488281
-85	67	-24.4231338501
-83	67	8.1529083252
-81	67	-17.4741287231
-79	67	-16.3082962036
-77	67	-18.3772583008
-75	67	-36.3111953735
-73	67	-49.3903045654
-71	67	-78.8254394531
-69	67	-65.7270126343
-67	67	-24.5211029053
-65	67	0.967712402344
-63	67	-3.62557983398
-61	67	-14.6798553467
-59	67	-47.060256958
-57	67	-61.8514556885
-55	67	-53.7935180664
-53	67	-75.955657959
-51	67	19.2975158691
-49	67	-137.34677124
-47	67	-245.182037354
-45	67	-230.863525391
-43	67	-152.637268066
-41	67	418.493103027
-39	67	853.141723633
-37	67	1390.55700684
-35	67	1292.63842773
-33	67	836.757751465
-31	67	542.098266602
-29	67	-46.2567443848
-27	67	-25.7629852295
-25	67	-37.7019500732
-23	67	-76.5500793457
-21	67	-49.5997695923
-19	67	-27.7806549072
-17	67	-0.196220397949
-15	67	-42.135269165
-85	65	-0.249858856201
-83	65	-2.30448150635
-81	65	2.0329284668
-79	65	-32.3238067627
-77	65	2.57939147949
-75	65	5.3528137207
-73	65	-0.436820983887
-71	65	-7.66287231445
-69	65	-15.1147689819
-67	65	-45.8101425171
-65	65	-59.5404663086
-63	65	-12.9916229248
-61	65	-40.3091125488
-59	65	-73.0067749023
-57	65	-93.814239502
-55	65	-98.2794876099
-53	65	-90.2761001587
-51	65	144.248031616
-49	65	60.4317626953
-47	65	-256.696899414
-45	65	-291.19708252
-43	65	51.5325317383
-41	65	773.246276855
-39	65	598.271362305
-37	65	722.718505859
-35	65	435.376861572
-33	65	-375.820678711
-31	65	-263.509429932
-29	65	-97.6524734497
-27	65	-89.0480651855
-25	65	-101.895523071
-23	65	-89.3819198608
-21	65	-52.5509796143
-19	65	-32.9294586182
-17	65	-45.0338363647
-15	65	-40.0469665527
-85	63	-5.21515655518
-83	63	-47.6174926758
-81	63	-26.7454986572
-79	63	-15.0873947144
-77	63	-22.8583068848
-75	63	-13.2838516235
-73	63	-19.652053833
-71	63	-11.7587089539
-69	63	-32.1287994385
-67	63	-79.0273284912
-65	63	-94.0600357056
-63	63	-75.3340759277
-61	63	-58.3115997314
-59	63	-93.8793334961
-57	63	-112.925132751
-55	63	-154.785003662
-53	63	-84.094909668
-51	63	-105.266052246
-49	63	525.624023438
-47	63	500.338378906
-45	63	536.039794922
-43	63	691.076965332
-41	63	422.653533936
-39	63	5.16696166992
-37	63	-428.641540527
-35	63	-292.632995605
-33	63	-208.419769287
-31	63	-69.6265640259
-29	63	20.8079299927
-27	63	-76.0662078857
-25	63	-71.5501937866
-23	63	-42.4278335571
-21	63	-34.3139953613
-19	63	-44.1492118835
-17	63	-72.5691223145
-15	63	-41.5721473694
-85	61	-43.46484375
-83	61	-32.7646141052
-81	61	-21.1278953552
-79	61	7.06384277344
-77	61	-12.2457199097
-75	61	-6.57288360596
-73	61	-23.6690864563
-71	61	-53.6743774414
-69	61	-82.9040374756
-67	61	-49.4216575623
-65	61	-56.8228416443
-63	61	-70.6527328491
-61	61	-82.9330749512
-59	61	-88.3657836914
-57	61	-83.8765029907
-55	61	-102.27293396
-53	61	-103.527359009
-51	61	-393.69329834
-49	61	223.452301025
-47	61	679.124633789
-45	61	972.366577148
-43	61	487.412902832
-41	61	-268.30670166
-39	61	-79.3362731934
-37	61	-79.866317749
-35	61	-102.92653656
-33	61	-1.7398147583
-31	61	-67.4685211182
-29	61	-71.5527801514
-27	61	-66.0486602783
-25	61	-49.7963562012
-23	61	-43.47605896
-21	61	-66.1448364258
-19	61	-63.331287384
-17	61	-46.8111457825
-15	61	-47.3909835815
-85	59	-53.8536758423
-83	59	-25.5355834961
-81	59	-72.4061126709
-79	59	-59.0671730042
-77	59	-21.713394165
-75	59	-6.9380607605
-73	59	-8.01252365112
-71	59	-14.5387821198
-69	59	-27.2566757202
-67	59	-57.291633606
-65	59	-67.0669250488
-63	59	-69.1890029907
-61	59	-55.7408294678
-59	59	-19.6684303284
-57	59	-19.4008159637
-55	59	-29.781375885
-53	59	-54.6164550781
-51	59	-109.567947388
-49	59	-131.551330566
-47	59	186.969497681
-45	59	186.193786621
-43	59	-14.9448471069
-41	59	-213.900558472
-39	59	-153.452529907
-37	59	-57.4804229736
-35	59	-61.3680114746
-33	59	-45.547580719
-31	59	-62.1368331909
-29	59	-65.7444610596
-27	59	-49.1247177124
-25	59	-32.0422401428
-23	59	-28.3614234924
-21	59	-51.9434204102
-19	59	-43.5395851135
-17	59	-14.7247943878
-15	59	-8.78953170776
-85	57	-2.31714439392
-83	57	-3.10009384155
-81	57	-73.3712844849
-79	57	-82.4063034058
-77	57	-66.3646240234
-75	57	-32.5748710632
-73	57	13.2444953918
-71	57	6.7350730896
-69	57	8.09046459198
-67	57	-27.1889457703
-65	57	-47.5844650269
-63	57	-67.7947998047
-61	57	-65.9035491943
-59	57	-27.1489849091
-57	57	-2.47234153748
-55	57	19.3276100159
-53	57	42.5685768127
-51	57	85.4968185425
-49	57	72.0207824707
-47	57	90.6005172729
-45	57	-126.279785156
-43	57	57.3171386719
-41	57	79.276763916
-39	57	43.76720047
-37	57	5.56144046783
-35	57	-26.0137271881
-33	57	-59.8020172119
-31	57	-67.7352294922
-29	57	-48.8667373657
-27	57	-6.8058681488
-25	57	-18.6831588745
-23	57	-48.4080657959
-21	57	-53.9113540649
-19	57	-37.3080635071
-17	57	1.12910079956
-15	57	11.9563293457
-85	55	3.23707199097
-83	55	0.628433227539
-81	55	11.381529808
-79	55	-24.7738380432
-77	55	-49.6758270264
-75	55	-20.0966644287
-73	55	16.6407432556
-71	55	32.946434021
-69	55	13.5556869507
-67	55	15.3919143677
-65	55	8.89471149445
-63	55	7.19479942322
-61	55	-34.3841056824
-59	55	-47.1270103455
-57	55	-10.718588829
-55	55	44.7121658325
-53	55	29.9324989319
-51	55	6.40616893768
-49	55	18.8087825775
-47	55	-16.798822403
-45	55	8.72037696838
-43	55	62.6118965149
-41	55	25.3716773987
-39	55	-1.71105003357
-37	55	-8.14988422394
-35	55	-5.35237121582
-33	55	-21.5248432159
-31	55	-10.9597358704
-29	55	-4.14587211609
-27	55	19.9756031036
-25	55	-18.2349224091
-23	55	-37.7202835083
-21	55	-21.6053943634
-19	55	-7.61514472961
-17	55	3.04993629456
-15	55	-14.894569397
-85	53	8.57123184204
-83	53	-0.595447540283
-81	53	40.4984283447
-79	53	-19.044834137
-77	53	-47.0448303223
-75	53	-45.0407066345
-73	53	-34.0792350769
-71	53	13.7161560059
-69	53	25.4590930939
-67	53	19.4620552063
-65	53	39.8573722839
-63	53	43.3866119385
-61	53	7.00680160522
-59	53	-9.4122133255
-57	53	-11.5536975861
-55	53	5.1556968689
-53	53	28.4047164917
-51	53	22.2374801636
-49	53	-19.4920082092
-47	53	-20.4802856445
-45	53	25.9055805206
-43	53	35.683303833
-41	53	-9.98217105865
-39	53	-7.5229511261
-37	53	8.1660861969
-35	53	16.2394065857
-33	53	-17.5069293976
-31	53	20.1261310577
-29	53	18.2115402222
-27	53	-10.2691116333
-25	53	-18.4386997223
-23	53	-12.6478481293
-21	53	1.76684617996
-19	53	9.85040664673
-17	53	-0.162788391113
-15	53	-18.8869876862
-85	51	13.0252552032
-83	51	-25.2453765869
-81	51	-1.16746520996
-79	51	-14.9902334213
-77	51	-17.8870410919
-75	51	-26.0427646637
-73	51	-28.8819217682
-71	51	-30.8083000183
-69	51	-21.2223129272
-67	51	1.59468078613
-65	51	25.6940898895
-63	51	37.593120575
-61	51	48.8051452637
-59	51	49.3885574341
-57	51	12.3136816025
-55	51	-7.30269432068
-53	51	-6.00948524475
-51	51	-8.92622280121
-49	51	-6.98425674438
-47	51	-3.22669172287
-45	51	17.6331615448
-43	51	1.6993188858
-41	51	2.47984790802
-39	51	18.5614376068
-37	51	-8.17608547211
-35	51	-10.063076973
-33	51	-14.6143341064
-31	51	20.3164615631
-29	51	15.8437929153
-27	51	-19.1953735352
-25	51	-19.9422912598
-23	51	-19.1032905579
-21	51	-14.8047142029
-19	51	-0.0816287994385
-17	51	1.3342666626
-15	51	0.439224243164
-85	49	-9.22743034363
-83	49	-30.1464138031
-81	49	-2.13465690613
-79	49	19.7548751831
-77	49	9.6025724411
-75	49	-3.04489040375
-73	49	-12.1814365387
-71	49	-32.5835952759
-69	49	-29.9686641693
-67	49	-17.1072425842
-65	49	-8.92736053467
-63	49	5.06953048706
-61	49	31.7397994995
-59	49	33.7363967896
-57	49	36.7989883423
-55	49	-4.35449504852
-53	49	-33.2369384766
-51	49	-30.1570949554
-49	49	-5.39042663574
-47	49	11.3020000458
-45	49	15.374420166
-43	49	21.4870986938
-41	49	28.2716255188
-39	49	11.2801361084
-37	49	-1.47103738785
-35	49	-12.4249629974
-33	49	21.8821411133
-31	49	9.36796379089
-29	49	-3.25323295593
-27	49	8.26595687866
-25	49	-5.56305122375
-23	49	-11.9089946747
-21	49	-15.7264041901
-19	49	-22.14012146
-17	49	-15.815536499
-15	49	-12.3790712357
-85	47	-10.9909191132
-83	47	-11.9838428497
-81	47	9.07063293457
-79	47	29.4697551727
-77	47	14.4099693298
-75	47	0.617574691772
-73	47	5.39520835876
-71	47	2.20921897888
-69	47	-10.115398407
-67	47	-18.7011604309
-65	47	-28.9166526794
-63	47	-34.5102996826
-61	47	-30.0466346741
-59	47	-18.6823501587
-57	47	-8.09362697601
-55	47	-26.7862567902
-53	47	-15.0246839523
-51	47	-7.33157634735
-49	47	2.62770652771
-47	47	0.691420555115
-45	47	11.6656513214
-43	47	16.5644245148
-41	47	16.7687931061
-39	47	4.63269758224
-37	47	-2.17138004303
-35	47	-6.6243057251
-33	47	14.9955921173
-31	47	-7.78286552429
-29	47	-14.3387022018
-27	47	-22.4192562103
-25	47	-16.3916435242
-23	47	-15.2100524902
-21	47	-8.75328063965
-19	47	-16.1900596619
-17	47	-12.4720535278
-15	47	-32.4629974365
-85	45	8.72348403931
-83	45	-45.306137085
-81	45	51.6575012207
-79	45	36.8970947266
-77	45	19.3317756653
-75	45	-1.41715717316
-73	45	39.737159729
-71	45	30.5483570099
-69	45	-25.1749515533
-67	45	-25.5859489441
-65	45	-35.4675827026
-63	45	-49.7171707153
-61	45	-67.7081298828
-59	45	-29.313949585
-57	45	-55.4031524658
-55	45	-45.8143234253
-53	45	7.07432174683
-51	45	-26.97631073
-49	45	23.6154384613
-47	45	3.82158851624
-45	45	38.6138381958
-43	45	-15.397190094
-41	45	-9.24191570282
-39	45	1.48760938644
-37	45	-7.56263160706
-35	45	-46.0417976379
-33	45	-20.164188385
-31	45	-15.7562255859
-29	45	-2.52673721313
-27	45	-58.8400115967
-25	45	-32.2193145752
-23	45	-25.0918254852
-21	45	-13.2692089081
-19	45	-15.9367265701
-17	45	55.9073944092
-15	45	-28.4453315735
